 x:  0.100000001    
 N:           1 -0.100000001       10.0000000      0.904837430    
 N:           2 -0.195000008       9.89609063E-02  0.904837430    
 N:           3 -0.290166676       4.89889765      0.904837430    
 N:           4 -0.385329157      0.199837372      0.904837430    
 N:           5 -0.480491728       3.27859950      0.904837430    
 N:           6 -0.575654268      0.295528352      0.904837430    
 N:           7 -0.670816839       2.49563718      0.904837430    
 N:           9 -0.765979409      0.384495914      0.904837430    
 N:          10 -0.861141980       2.04220486      0.904837430    
 N:         100 -0.956304550      0.465684712      0.904837430    
 N:        1000  -1.05146718       1.75175643      0.904837430    
 N:       10000  -1.14662981      0.538524032      0.904837430    
 N:      100000  -1.24179244       1.55353093      0.904837430    
 N:     1000000  -1.33695507      0.602881074      0.904837430    
 x:   1.00000000    
 N:           1  -1.00000000       1.00000000      0.367879450    
 N:           2  -1.50000000      0.400000006      0.367879450    
 N:           3  -2.16666675      0.483870983      0.367879450    
 N:           4  -2.79166675      0.456161827      0.367879450    
 N:           5  -3.42500019      0.460229576      0.367879450    
 N:           6  -4.05694437      0.459076673      0.367879450    
 N:           7  -4.68908691      0.459277958      0.367879450    
 N:           9  -5.32120752      0.459229678      0.367879450    
 N:          10  -5.95332766      0.459239781      0.367879450    
 N:         100  -6.58544779      0.459237665      0.367879450    
 N:        1000  -7.21756792      0.459238112      0.367879450    
 N:       10000  -7.84968758      0.459238023      0.367879450    
 N:      100000  -8.48180866      0.459238023      0.367879450    
 N:     1000000  -9.11392975      0.459238023      0.367879450    
 x:   10.0000000    
 N:           1  -10.0000000      0.100000001       4.53999310E-05
 N:           2   30.0000000       1.66389346E-02   4.53999310E-05
 N:           3  -96.6666718       4.41144081E-03   4.53999310E-05
 N:           4   193.333344       1.55439344E-03   4.53999310E-05
 N:           5  -350.000000       6.77200209E-04   4.53999310E-05
 N:           6   495.555664       3.48972331E-04   4.53999310E-05
 N:           7  -643.015869       2.06199024E-04   4.53999310E-05
 N:           9  -2057.16064       9.91515117E-05   4.53999310E-05
 N:          10  -715.573486       7.78736940E-05   4.53999310E-05
 N:         100  -716.573547       4.54019864E-05   4.53999310E-05
 N:        1000  -717.573547       4.54019864E-05   4.53999310E-05
 N:       10000  -718.573547       4.54019864E-05   4.53999310E-05
 N:      100000  -719.573547       4.54019864E-05   4.53999310E-05
 N:     1000000  -720.573547       4.54019864E-05   4.53999310E-05
 x:   100.000000    
 N:           1  -100.000000       9.99999978E-03   3.78350585E-44
 N:           2   4800.00000       1.96078050E-04   3.78350585E-44
 N:           3  -156966.672       5.82185112E-06   3.78350585E-44
 N:           4   3847933.50       2.30497946E-07   3.78350585E-44
 N:           5  -75480504.0       1.14061800E-08   3.78350585E-44
 N:           6   1.23408000E+09   6.77249479E-10   3.78350585E-44
 N:           7  -1.72976292E+10   4.69090877E-11   3.78350585E-44
 N:           9  -2.54354575E+12   3.30571291E-13   3.78350585E-44
 N:          10   2.24875281E+13   3.26985584E-14   3.78350585E-44
 N:         100              NaN   0.00000000       3.78350585E-44
 N:        1000              NaN   0.00000000       3.78350585E-44
 N:       10000              NaN   0.00000000       3.78350585E-44
 N:      100000              NaN   0.00000000       3.78350585E-44
 N:     1000000              NaN   0.00000000       3.78350585E-44
 x:   1000.00000    
 N:           1  -1000.00000       1.00000005E-03   0.00000000    
 N:           2   498000.000       1.99600800E-06   0.00000000    
 N:           3  -165669664.       5.98201755E-09   0.00000000    
 N:           4   4.13348291E+10   2.39040975E-11   0.00000000    
 N:           5  -8.25049743E+12   1.19400610E-13   0.00000000    
 N:           6   1.37234647E+15   7.15684395E-16   0.00000000    
 N:           7  -1.95659743E+17   5.00475621E-18   0.00000000    
 N:           9  -2.73132255E+21   3.59617428E-22   0.00000000    
 N:          10   2.70110683E+23   3.59254908E-24   0.00000000    
 N:         100              NaN   0.00000000       0.00000000    
 N:        1000              NaN   0.00000000       0.00000000    
 N:       10000              NaN   0.00000000       0.00000000    
 N:      100000              NaN   0.00000000       0.00000000    
 N:     1000000              NaN   0.00000000       0.00000000    
