           1   1.04934800    
           2  0.995974302    
           3  0.845103621    
           4  0.611504912    
           5  0.318045348    
           6  -6.54795533E-03
           7 -0.330500275    
           8 -0.622099638    
           9 -0.852801085    
          10  -1.00002110    
          11  -1.04934800    
          12 -0.995953202    
          13 -0.845063508    
          14 -0.611449659    
          15 -0.317980319    
          16   6.61647366E-03
          17  0.330565572    
          18  0.622155249    
          19  0.852841496    
          20   1.00004232    
          21   1.04934800    
          22  0.995931923    
          23  0.845023096    
          24  0.611394107    
          25  0.317915171    
          26  -6.68481458E-03
          27 -0.330630422    
          28 -0.622210264    
          29 -0.852881312    
          30  -1.00006294    
          31  -1.04934752    
          32 -0.995910406    
          33 -0.844982684    
          34 -0.611338794    
          35 -0.317850381    
          36   6.75268238E-03
          37  0.330694705    
          38  0.622264683    
          39  0.852920592    
          40   1.00008321    
          41   1.04934669    
          42  0.995888412    
          43  0.844941616    
          44  0.611282587    
          45  0.317784518    
          46  -6.82179164E-03
          47 -0.330760300    
          48 -0.622320354    
          49 -0.852960825    
          50  -1.00010407    
          51  -1.04934609    
          52 -0.995866656    
          53 -0.844900846    
          54 -0.611226797    
          55 -0.317719132    
          56   6.89036911E-03
          57  0.330825359    
          58  0.622375548    
          59  0.853000760    
          60   1.00012481    
          61   1.04934561    
          62  0.995844901    
          63  0.844859898    
          64  0.611170769    
          65  0.317653507    
          66  -6.95918314E-03
          67 -0.330890626    
          68 -0.622430861    
          69 -0.853040755    
          70  -1.00014567    
          71  -1.04934525    
          72 -0.995823383    
          73 -0.844819367    
          74 -0.611115158    
          75 -0.317588240    
          76   7.02770101E-03
          77  0.330955684    
          78  0.622486055    
          79  0.853080630    
          80   1.00016630    
          81   1.04934478    
          82  0.995801866    
          83  0.844778955    
          84  0.611059725    
          85  0.317523330    
          86  -7.09574670E-03
          87 -0.331020206    
          88 -0.622540772    
          89 -0.853120208    
          90  -1.00018692    
          91  -1.04934442    
          92 -0.995780468    
          93 -0.844738603    
          94 -0.611004412    
          95 -0.317458421    
          96   7.16385106E-03
          97  0.331084877    
          98  0.622595668    
          99  0.853159904    
         100   1.00020742    
