 Newton-Raphson Method
 Initial guess:    50.0000000    
 f(x) = 5x^3 - 5x - 24
           1  -24.0000000    
           2   185079.234    
           3   54819.7188    
           4   16228.4268    
           5   4796.71680    
           6   1411.39807    
           7   409.642029    
           8   113.900818    
           9   27.6035500    
          10   4.32234192    
          11  0.192619324    
          12   4.46319580E-04
          13   0.00000000    
          14   0.00000000    
 Root:   1.88367081    
