 Secant Method
 Initial guess:    50.0000000    
 Pre-initial guess:    100.000000    
 f(x) = x^2 - 5
           1  -5.00000000    
           2   1108.33459    
           3   397.884064    
           4   154.424652    
           5   57.4674988    
           6   21.0553093    
           7   7.15085030    
           8   2.04036570    
           9  0.387120247    
          10   3.19209099E-02
          11   5.93185425E-04
          12   1.43051147E-06
          13   0.00000000    
 Root:   2.23606801    
