 Secant Method
 Initial guess:    50.0000000    
 Pre-initial guess:    100.000000    
 f(x) = 5x^3 - 5x - 24
           1  -24.0000000    
           2   393422.750    
           3   144710.250    
           4   65989.6562    
           5   27734.0996    
           6   12023.9033    
           7   5145.38965    
           8   2207.87964    
           9   941.767883    
          10   398.363586    
          11   165.118652    
          12   65.4466858    
          13   23.4491272    
          14   6.70948792    
          15   1.18947220    
          16   8.35475922E-02
          17   1.17492676E-03
          18   3.81469727E-06
          19   0.00000000    
 Root:   1.88367081    
